2458512.1242937 9.69 0.05
2458512.1244674 9.74 0.05
2458512.1246410 9.73 0.05
2458512.1248146 9.70 0.05
2458512.1249882 9.66 0.05
2458512.1251618 9.69 0.05
2458512.1253354 9.70 0.05
2458512.1255090 9.72 0.05
2458512.1256826 9.69 0.05
2458512.1258562 9.67 0.05
2458512.1260299 9.65 0.05
2458512.1262035 9.72 0.05
2458512.1263771 9.64 0.05
2458512.1265507 9.69 0.05
2458512.1267243 9.74 0.05
2458512.1268979 9.74 0.05
2458512.1270715 9.66 0.05
2458512.1272451 9.65 0.05
2458512.1274187 9.66 0.05
2458512.1275924 9.65 0.05
2458512.1277660 9.71 0.05
2458512.1279396 9.64 0.05
2458512.1281132 9.70 0.05
2458512.1282868 9.64 0.05
2458512.1284604 9.59 0.05
2458512.1286340 9.66 0.05
2458512.1288090 9.65 0.05
2458512.1289825 9.67 0.05
2458512.1291559 9.68 0.05
2458512.1293294 9.60 0.05
2458512.1295028 9.73 0.05
2458512.1296763 9.63 0.05
2458512.1298497 9.63 0.05
2458512.1300232 9.66 0.05
2458512.1301966 9.73 0.05
2458512.1303701 9.65 0.05
2458512.1305438 9.66 0.05
2458512.1307174 9.71 0.05
2458512.1308910 9.62 0.05
2458512.1310646 9.66 0.05
2458512.1312382 9.67 0.05
2458512.1314118 9.63 0.05
2458512.1315854 9.73 0.05
2458512.1317590 9.61 0.05
2458512.1319326 9.60 0.05
2458512.1321062 9.67 0.05
2458512.1322799 9.55 0.04
2458512.1324535 9.62 0.05
2458512.1326271 9.70 0.05
2458512.1328007 9.71 0.05
2458512.1329743 9.65 0.05
2458512.1331479 9.69 0.05
2458512.1333215 9.71 0.05
2458512.1334951 9.61 0.05
2458512.1336687 9.65 0.05
2458512.1338424 9.72 0.05
2458512.1340160 9.65 0.05
2458512.1341896 9.64 0.05
2458512.1343632 9.67 0.05
2458512.1345368 9.65 0.05
2458512.1347104 9.67 0.05
2458512.1348840 9.79 0.05
2458512.1350576 9.68 0.05
2458512.1352312 9.64 0.05
2458512.1354049 9.65 0.05
2458512.1355785 9.78 0.05
2458512.1357521 9.69 0.05
2458512.1359257 9.64 0.05
2458512.1360993 9.68 0.05
2458512.1362729 9.64 0.05
2458512.1364465 9.67 0.05
2458512.1366201 9.60 0.05
2458512.1367938 9.61 0.05
2458512.1369674 9.62 0.05
2458512.1371410 9.64 0.05
2458512.1373146 9.73 0.05
2458512.1374882 9.64 0.05
2458512.1376618 9.61 0.05
2458512.1378354 9.69 0.05
2458512.1380090 9.67 0.05
2458512.1381826 9.61 0.05
2458512.1383563 9.68 0.05
2458512.1385299 9.61 0.05
2458512.1387035 9.74 0.05
2458512.1388771 9.57 0.05
2458512.1390507 9.62 0.05
2458512.1392243 9.69 0.05
2458512.1393979 9.72 0.05
2458512.1395715 9.64 0.05
2458512.1397451 9.61 0.05
2458512.1399187 9.67 0.05
2458512.1400924 9.56 0.04
2458512.1402660 9.64 0.05
2458512.1404396 9.62 0.05
2458512.1406132 9.69 0.05
2458512.1407868 9.61 0.05
2458512.1409604 9.54 0.04
2458512.1411354 9.69 0.05
2458512.1413088 9.66 0.05
2458512.1414823 9.66 0.05
2458512.1416557 9.67 0.05
2458512.1418292 9.58 0.04
2458512.1420026 9.64 0.05
2458512.1421761 9.60 0.05
2458512.1423495 9.68 0.05
2458512.1425230 9.64 0.05
2458512.1426965 9.63 0.05
2458512.1428701 9.67 0.05
2458512.1430437 9.85 0.07
2458512.1432174 9.82 0.07
2458512.1433910 9.69 0.07
2458512.1435646 9.66 0.07
2458512.1437382 9.64 0.06
2458512.1439118 9.60 0.05
2458512.1440854 9.76 0.06
2458512.1442590 9.66 0.05
2458512.1444326 9.63 0.05
2458512.1446063 9.71 0.05
2458512.1447799 9.65 0.05
2458512.1449535 9.77 0.06
2458512.1451271 9.66 0.06
2458512.1453007 9.66 0.06
2458512.1454743 9.62 0.05
2458512.1456479 9.55 0.05
2458512.1458215 9.46 0.05
2458512.1459951 9.54 0.07
2458512.1461688 9.54 0.07
2458512.1463424 9.53 0.06
2458512.1465160 9.71 0.06
2458512.1466896 9.54 0.05
2458512.1468632 9.59 0.06
2458512.1470368 9.59 0.05
2458512.1472104 9.67 0.05
2458512.1473840 9.68 0.05
2458512.1475576 9.65 0.05
2458512.1477312 9.69 0.05
2458512.1479049 9.62 0.05
2458512.1480785 9.59 0.05
2458512.1482521 9.60 0.05
2458512.1484257 9.66 0.05
2458512.1485993 9.70 0.05
2458512.1487729 9.66 0.05
2458512.1489465 9.64 0.05
2458512.1491201 9.62 0.05
2458512.1492937 9.65 0.05
2458512.1494674 9.62 0.05
2458512.1496410 9.70 0.05
2458512.1498146 9.66 0.05
2458512.1499882 9.72 0.05
2458512.1501618 9.64 0.05
2458512.1503354 9.60 0.05
2458512.1505090 9.64 0.05
2458512.1506826 9.69 0.05
2458512.1508562 9.71 0.05
2458512.1510299 9.74 0.05
2458512.1512035 9.71 0.05
2458512.1513771 9.74 0.05
2458512.1515507 9.58 0.05
2458512.1517243 9.63 0.05
2458512.1518979 9.75 0.05
2458512.1520715 9.67 0.05
2458512.1522451 9.68 0.05
2458512.1524188 9.66 0.05
2458512.1525924 9.58 0.04
2458512.1527660 9.68 0.05
2458512.1529396 9.71 0.05
2458512.1531132 9.64 0.05
2458512.1532868 9.62 0.05
2458512.1534618 9.64 0.05
2458512.1536352 9.67 0.05
2458512.1538087 9.69 0.05
2458512.1539821 9.59 0.05
2458512.1541556 9.76 0.05
2458512.1543290 9.63 0.05
2458512.1545025 9.59 0.05
2458512.1546759 9.66 0.05
2458512.1548494 9.63 0.05
2458512.1550229 9.66 0.05
2458512.1551965 9.68 0.05
2458512.1553701 9.72 0.05
2458512.1555437 9.65 0.05
2458512.1557174 9.66 0.05
2458512.1558910 9.72 0.05
2458512.1560646 9.76 0.05
2458512.1562382 9.64 0.05
2458512.1564118 9.57 0.04
2458512.1565854 9.64 0.05
2458512.1567590 9.63 0.05
2458512.1569326 9.65 0.05
2458512.1571062 9.76 0.05
2458512.1572799 9.60 0.05
2458512.1574535 9.70 0.05
2458512.1576271 9.64 0.05
2458512.1578007 9.64 0.05
2458512.1579743 9.68 0.05
2458512.1581479 9.67 0.05
2458512.1583215 9.66 0.05
2458512.1584951 9.62 0.05
2458512.1586687 9.69 0.05
2458512.1588424 9.58 0.05
2458512.1590160 9.64 0.05
2458512.1591896 9.69 0.05
2458512.1593632 9.68 0.05
2458512.1595368 9.63 0.05
2458512.1597104 9.70 0.05
2458512.1598840 9.60 0.05
2458512.1600576 9.69 0.05
2458512.1602313 9.61 0.05
2458512.1604049 9.63 0.05
2458512.1605785 9.60 0.05
2458512.1607521 9.71 0.05
2458512.1609257 9.65 0.05
2458512.1610993 9.64 0.05
2458512.1612729 9.62 0.05
2458512.1614465 9.68 0.05
2458512.1616201 9.61 0.05
2458512.1617938 9.64 0.05
2458512.1619674 9.67 0.05
2458512.1621410 9.62 0.05
2458512.1623146 9.71 0.05
2458512.1624882 9.47 0.05
2458512.1626618 9.62 0.06
2458512.1628354 9.69 0.05
2458512.1630090 9.59 0.05
2458512.1631826 9.40 0.05
2458512.1633562 9.70 0.05
2458512.1635299 9.63 0.05
2458512.1637035 9.59 0.05
2458512.1638771 9.50 0.05
2458512.1640507 9.68 0.05
2458512.1642243 9.52 0.04
2458512.1643979 9.59 0.05
2458512.1645715 9.63 0.05
2458512.1647451 9.73 0.06
2458512.1649187 9.62 0.05
2458512.1650924 9.68 0.05
2458512.1652660 9.64 0.05
2458512.1654396 9.67 0.05
2458512.1656132 9.65 0.05
2458512.1657882 9.63 0.05
2458512.1659616 9.60 0.05
2458512.1661351 9.66 0.06
2458512.1663085 9.66 0.06
2458512.1664820 9.64 0.07
2458512.1666554 9.64 0.06
2458512.1668289 9.68 0.06
2458512.1670023 9.58 0.05
2458512.1671757 9.62 0.05
2458512.1673493 9.76 0.05
2458512.1675229 9.63 0.06
2458512.1676965 9.67 0.07
2458512.1678701 9.64 0.05
2458512.1680438 9.55 0.05
2458512.1682174 9.82 0.07
2458512.1683910 9.60 0.06
2458512.1685646 9.63 0.07
2458512.1687382 9.68 0.10
2458512.1689118 9.56 0.09
2458512.1690854 9.81 0.07
2458512.1692590 9.50 0.05
2458512.1694326 9.52 0.08
2458512.1696063 9.64 0.09
2458512.1697799 9.71 0.07
2458512.1699535 9.87 0.07
2458512.1701271 9.64 0.05
2458512.1703007 9.69 0.06
2458512.1704743 9.72 0.06
2458512.1706479 9.63 0.05
2458512.1708215 9.59 0.05
2458512.1709951 9.68 0.05
2458512.1711687 9.65 0.05
2458512.1713424 9.68 0.05
2458512.1715160 9.66 0.05
2458512.1716896 9.58 0.05
2458512.1718632 9.66 0.05
2458512.1720368 9.68 0.05
2458512.1722104 9.59 0.05
2458512.1723840 9.64 0.05
2458512.1725576 9.64 0.05
2458512.1727312 9.71 0.05
2458512.1729049 9.65 0.05
2458512.1730785 9.69 0.05
2458512.1732521 9.59 0.05
2458512.1734257 9.71 0.05
2458512.1735993 9.72 0.05
2458512.1737729 9.63 0.05
2458512.1739465 9.76 0.05
2458512.1741201 9.71 0.05
2458512.1742937 9.72 0.05
2458512.1744674 9.61 0.05
2458512.1746410 9.74 0.07
2458512.1748146 9.61 0.08
2458512.1749882 9.76 0.13
2458512.1751618 10.06 0.10
2458512.1753354 9.66 0.05
2458512.1755090 9.71 0.05
2458512.1756826 9.65 0.05
2458512.1758563 9.68 0.05
2458512.1760299 9.59 0.06
2458512.1762035 9.54 0.06
2458512.1763771 9.42 0.06
2458512.1765507 9.61 0.07
2458512.1767243 9.66 0.06
2458512.1768979 9.71 0.05
2458512.1770715 9.74 0.05
2458512.1772451 9.67 0.05
2458512.1774188 9.59 0.05
2458512.1775924 9.38 0.05
2458512.1777660 9.66 0.06
2458512.1779396 9.65 0.05
2458512.1781145 9.76 0.05
2458512.1782880 9.62 0.05
2458512.1784614 9.65 0.05
2458512.1786349 9.62 0.06
2458512.1788083 9.61 0.06
2458512.1789818 9.52 0.07
2458512.1791552 9.63 0.07
2458512.1793287 9.70 0.07
2458512.1795021 9.71 0.06
2458512.1796757 9.66 0.06
2458512.1798493 9.82 0.07
2458512.1800229 9.79 0.07
2458512.1801965 9.72 0.06
2458512.1803701 9.65 0.05
2458512.1805437 9.68 0.05
2458512.1807174 9.68 0.05
2458512.1808910 9.46 0.06
2458512.1810646 9.77 0.06
2458512.1812382 9.57 0.05
2458512.1814118 9.66 0.05
2458512.1815854 9.66 0.05
2458512.1817590 9.64 0.05
2458512.1819326 9.61 0.05
2458512.1821062 9.69 0.05
2458512.1822799 9.74 0.05
2458512.1824535 9.65 0.05
2458512.1826271 9.64 0.05
2458512.1828007 9.62 0.05
2458512.1829743 9.76 0.05
2458512.1831479 9.64 0.05
2458512.1833215 9.69 0.05
2458512.1834951 9.65 0.05
2458512.1836688 9.65 0.05
2458512.1838424 9.67 0.05
2458512.1840160 9.68 0.05
2458512.1841896 9.57 0.05
2458512.1843632 9.64 0.05
2458512.1845368 9.59 0.05
2458512.1847104 9.72 0.05
2458512.1848840 9.75 0.05
2458512.1850576 9.69 0.05
2458512.1852313 9.62 0.05
2458512.1854049 9.69 0.05
2458512.1855785 9.63 0.05
2458512.1857521 9.68 0.05
2458512.1859257 9.67 0.05
2458512.1860993 9.68 0.05
2458512.1862729 9.57 0.05
2458512.1864465 9.63 0.05
2458512.1866201 9.64 0.05
2458512.1867937 9.68 0.05
2458512.1869674 9.70 0.05
2458512.1871410 9.65 0.05
2458512.1873146 9.64 0.05
2458512.1874882 9.64 0.05
2458512.1876618 9.65 0.05
2458512.1878354 9.64 0.05
2458512.1880090 9.70 0.05
2458512.1881826 9.61 0.05
2458512.1883562 9.64 0.05
2458512.1885299 9.67 0.05
2458512.1887035 9.56 0.05
2458512.1888771 9.73 0.05
2458512.1890507 9.64 0.05
2458512.1892243 9.68 0.05
2458512.1893979 9.64 0.05
2458512.1895715 9.67 0.05
2458512.1897451 9.58 0.05
2458512.1899187 9.71 0.05
2458512.1900924 9.68 0.05
2458512.1902674 9.69 0.05
2458512.1904408 9.66 0.05
2458512.1906143 9.66 0.05
2458512.1907877 9.68 0.05
2458512.1909612 9.56 0.05
2458512.1911346 9.60 0.05
2458512.1913081 9.63 0.05
2458512.1914815 9.73 0.05
2458512.1916550 9.68 0.05
2458512.1918285 9.61 0.05
2458512.1920021 9.65 0.05
2458512.1921757 9.67 0.05
2458512.1923493 9.67 0.05
2458512.1925229 9.68 0.05
2458512.1926965 9.63 0.05
2458512.1928701 9.64 0.05
2458512.1930438 9.64 0.05
2458512.1932174 9.64 0.05
2458512.1933910 9.69 0.06
2458512.1935646 9.64 0.05
2458512.1937382 9.60 0.05
2458512.1939118 9.62 0.05
2458512.1940854 9.72 0.05
2458512.1942590 9.63 0.05
2458512.1944326 9.63 0.05
2458512.1946062 9.59 0.05
2458512.1947799 9.60 0.05
2458512.1949535 9.62 0.05
2458512.1951271 9.68 0.05
2458512.1953007 9.65 0.05
2458512.1954743 9.66 0.05
2458512.1956479 9.66 0.05
2458512.1958215 9.63 0.05
2458512.1959951 9.58 0.05
2458512.1961687 9.61 0.05
2458512.1963424 9.74 0.06
2458512.1965160 9.58 0.05
2458512.1966896 9.68 0.05
2458512.1968632 9.70 0.05
2458512.1970368 9.60 0.05
2458512.1972104 9.64 0.05
2458512.1973840 9.59 0.05
2458512.1975576 9.65 0.05
2458512.1977312 9.66 0.05
2458512.1979049 9.65 0.05
2458512.1980785 9.67 0.05
2458512.1982521 9.54 0.05
2458512.1984257 9.63 0.05
2458512.1985993 9.63 0.05
2458512.1987729 9.68 0.05
2458512.1989465 9.73 0.05
2458512.1991201 9.68 0.05
2458512.1992938 9.67 0.05
2458512.1994674 9.66 0.05
2458512.1996410 9.58 0.05
2458512.1998146 9.69 0.05
2458512.1999882 9.68 0.05
2458512.2001618 9.63 0.05
2458512.2003354 9.62 0.05
2458512.2005090 9.71 0.05
2458512.2006826 9.62 0.05
2458512.2008563 9.62 0.05
2458512.2010299 9.58 0.05
2458512.2012035 9.56 0.05
2458512.2013771 9.61 0.05
2458512.2015507 9.55 0.05
2458512.2017243 9.61 0.05
2458512.2018979 9.62 0.05
2458512.2020715 9.70 0.05
2458512.2022451 9.66 0.05
2458512.2024187 9.66 0.05
2458512.2025937 9.64 0.05
2458512.2027672 9.53 0.05
2458512.2029406 9.66 0.05
2458512.2031141 9.60 0.05
2458512.2032875 9.67 0.05
2458512.2034610 9.63 0.05
2458512.2036344 9.65 0.05
2458512.2038078 9.64 0.05
2458512.2039813 9.70 0.05
2458512.2041549 9.70 0.05
2458512.2043285 9.61 0.05
2458512.2045021 9.60 0.05
2458512.2046757 9.60 0.05
2458512.2048493 9.67 0.05
2458512.2050229 9.68 0.05
2458512.2051965 9.54 0.05
2458512.2053701 9.75 0.06
2458512.2055437 9.71 0.05
2458512.2057174 9.62 0.05
2458512.2058910 9.74 0.06
2458512.2060646 9.65 0.05
2458512.2062382 9.72 0.05
2458512.2064118 9.61 0.05
2458512.2065858 9.59 0.05
2458512.2067590 9.66 0.05
2458512.2069326 9.69 0.05
2458512.2071063 9.66 0.05
2458512.2072799 9.66 0.05
2458512.2074535 9.61 0.05
2458512.2076271 9.64 0.05
2458512.2078007 9.67 0.05
2458512.2079743 9.69 0.05
2458512.2081479 9.69 0.05
2458512.2083215 9.62 0.05
2458512.2084951 9.68 0.05
2458512.2086688 9.59 0.05
2458512.2088424 9.57 0.05
2458512.2090160 9.67 0.05
2458512.2091896 9.61 0.05
2458512.2093632 9.62 0.05
2458512.2095368 9.60 0.05
2458512.2097104 9.56 0.05
2458512.2098840 9.58 0.05
2458512.2100576 9.62 0.05
2458512.2102312 9.69 0.06
2458512.2104049 9.72 0.06
2458512.2105785 9.77 0.06
2458512.2107521 9.68 0.06
2458512.2109257 9.70 0.06
2458512.2110993 9.61 0.05
2458512.2112729 9.72 0.06
2458512.2114465 9.73 0.06
2458512.2116201 9.63 0.05
2458512.2117937 9.67 0.05
2458512.2119674 9.61 0.05
2458512.2121410 9.64 0.05
2458512.2123146 9.57 0.05
2458512.2124882 9.55 0.05
2458512.2126618 9.67 0.05
2458512.2128354 9.64 0.05
2458512.2130090 9.59 0.05
2458512.2131826 9.60 0.05
2458512.2133562 9.65 0.05
2458512.2135299 9.60 0.05
2458512.2137035 9.60 0.05
2458512.2138771 9.64 0.05
2458512.2140507 9.62 0.05
2458512.2142243 9.61 0.05
2458512.2143979 9.58 0.05
2458512.2145715 9.65 0.05
2458512.2147451 9.67 0.05
2458512.2149200 9.56 0.05
2458512.2150935 9.64 0.05
2458512.2152669 9.59 0.05
2458512.2154404 9.74 0.05
2458512.2156138 9.62 0.05
2458512.2157873 9.67 0.05
2458512.2159607 9.59 0.05
2458512.2161342 9.64 0.05
2458512.2163076 9.67 0.05
2458512.2164813 9.62 0.05
2458512.2166549 9.69 0.05
2458512.2168285 9.63 0.05
2458512.2170021 9.70 0.05
2458512.2171757 9.67 0.05
2458512.2173493 9.63 0.05
2458512.2175229 9.69 0.05
2458512.2176965 9.65 0.05
2458512.2178701 9.66 0.05
2458512.2180437 9.68 0.05
2458512.2182174 9.65 0.05
2458512.2183910 9.67 0.05
2458512.2185646 9.63 0.05
2458512.2187382 9.64 0.05
2458512.2189118 9.64 0.05
2458512.2190854 9.61 0.05
2458512.2192590 9.56 0.05
2458512.2194326 9.64 0.05
2458512.2196062 9.74 0.05
2458512.2197799 9.65 0.05
2458512.2199535 9.63 0.05
2458512.2201271 9.64 0.05
2458512.2203007 9.61 0.05
2458512.2204743 9.62 0.05
2458512.2206479 9.72 0.05
2458512.2208215 9.62 0.05
2458512.2209951 9.74 0.05
2458512.2211687 9.58 0.05
2458512.2213424 9.66 0.05
2458512.2215160 9.66 0.05
2458512.2216896 9.65 0.05
2458512.2218632 9.70 0.05
2458512.2220368 9.57 0.04
2458512.2222104 9.72 0.05
2458512.2223840 9.67 0.05
2458512.2225576 9.64 0.05
2458512.2227313 9.70 0.05
2458512.2229049 9.65 0.05
2458512.2230785 9.61 0.05
2458512.2232521 9.64 0.05
2458512.2234257 9.67 0.05
2458512.2235993 9.74 0.05
2458512.2237729 9.64 0.05
2458512.2239465 9.73 0.05
2458512.2241201 9.59 0.05
2458512.2242938 9.56 0.05
2458512.2244674 9.67 0.05
2458512.2246410 9.56 0.04
2458512.2248146 9.70 0.05
2458512.2249882 9.64 0.05
2458512.2251618 9.66 0.05
2458512.2253354 9.65 0.05
2458512.2255090 9.62 0.05
2458512.2256826 9.61 0.05
2458512.2258562 9.66 0.05
2458512.2260299 9.66 0.05
2458512.2262035 9.66 0.05
2458512.2263771 9.71 0.05
2458512.2265507 9.57 0.05
2458512.2267243 9.74 0.05
2458512.2268979 9.68 0.05
2458512.2270729 9.60 0.05
2458512.2272464 9.57 0.05
2458512.2274198 9.67 0.05
2458512.2275932 9.67 0.05
2458512.2277667 9.58 0.05
2458512.2279401 9.62 0.05
2458512.2281136 9.52 0.04
2458512.2282870 9.63 0.05
2458512.2284605 9.66 0.05
2458512.2286340 9.70 0.05
2458512.2288076 9.63 0.05
2458512.2289812 9.62 0.05
2458512.2291549 9.59 0.05
2458512.2293285 9.59 0.05
2458512.2295021 9.57 0.05
2458512.2296757 9.61 0.05
2458512.2298493 9.63 0.05
2458512.2300229 9.68 0.06
2458512.2301965 9.64 0.05
2458512.2303701 9.53 0.05
2458512.2305438 9.67 0.06
2458512.2307174 9.58 0.06
2458512.2308910 9.63 0.06
2458512.2310646 9.61 0.05
2458512.2312382 9.62 0.06
2458512.2314118 9.62 0.05
2458512.2315854 9.66 0.05
2458512.2317590 9.62 0.05
2458512.2319326 9.58 0.05
2458512.2321063 9.68 0.05
2458512.2322799 9.62 0.05
2458512.2324535 9.59 0.05
2458512.2326271 9.62 0.05
2458512.2328007 9.63 0.05
2458512.2329743 9.63 0.05
2458512.2331479 9.64 0.05
2458512.2333215 9.63 0.05
2458512.2334951 9.59 0.05
2458512.2336687 9.62 0.05
2458512.2338424 9.59 0.05
2458512.2340160 9.71 0.05
2458512.2341896 9.68 0.05
2458512.2343632 9.61 0.05
2458512.2345368 9.61 0.05
2458512.2347104 9.70 0.05
2458512.2348840 9.66 0.05
2458512.2350576 9.66 0.05
2458512.2352312 9.71 0.05
2458512.2354049 9.66 0.05
2458512.2355785 9.66 0.05
2458512.2357521 9.71 0.05
2458512.2359257 9.70 0.05
2458512.2360993 9.65 0.05
2458512.2362729 9.63 0.05
2458512.2364465 9.63 0.05
2458512.2366201 9.66 0.05
2458512.2367937 9.59 0.05
2458512.2369674 9.63 0.05
2458512.2371410 9.64 0.05
2458512.2373146 9.64 0.05
2458512.2374882 9.65 0.05
2458512.2376618 9.70 0.05
2458512.2378354 9.69 0.05
2458512.2380090 9.68 0.05
2458512.2381826 9.64 0.05
2458512.2383563 9.58 0.05
2458512.2385299 9.62 0.05
2458512.2387035 9.61 0.05
2458512.2388771 9.61 0.05
2458512.2390507 9.72 0.06
2458512.2392243 9.66 0.05
2458512.2393992 9.53 0.05
2458512.2395727 9.67 0.05
2458512.2397461 9.68 0.05
2458512.2399196 9.63 0.05
2458512.2400930 9.62 0.05
2458512.2402665 9.57 0.05
2458512.2404399 9.69 0.05
2458512.2406134 9.67 0.05
2458512.2407868 9.66 0.05
2458512.2409604 9.65 0.05
2458512.2411340 9.64 0.05
2458512.2413076 9.68 0.06
2458512.2414812 9.68 0.05
2458512.2418285 9.59 0.05
2458512.2420021 9.70 0.06
2458512.2423493 9.71 0.06
2458512.2425229 9.58 0.05
2458512.2428701 9.59 0.05
2458512.2430437 9.66 0.05
2458512.2432174 9.69 0.05
2458512.2433910 9.67 0.05
2458512.2435646 9.66 0.05
2458512.2437382 9.66 0.05
2458512.2439118 9.58 0.05
2458512.2440854 9.61 0.05
2458512.2442590 9.66 0.05
2458512.2444326 9.57 0.05
2458512.2446062 9.60 0.05
2458512.2447799 9.64 0.05
2458512.2449535 9.63 0.05
2458512.2451271 9.59 0.05
2458512.2453007 9.59 0.05
2458512.2454743 9.50 0.05
2458512.2456479 9.64 0.05
2458512.2458215 9.63 0.05
2458512.2459951 9.64 0.05
2458512.2461688 9.61 0.05
2458512.2463424 9.69 0.06
2458512.2465160 9.62 0.05
2458512.2466896 9.63 0.05
2458512.2468632 9.64 0.05
2458512.2470368 9.62 0.05
2458512.2472104 9.55 0.05
2458512.2473840 9.63 0.05
2458512.2475576 9.59 0.05
2458512.2477313 9.61 0.05
2458512.2479049 9.58 0.05
2458512.2480785 9.68 0.06
2458512.2482521 9.66 0.06
2458512.2484257 9.64 0.05
2458512.2485993 9.57 0.05
2458512.2487729 9.58 0.05
2458512.2489465 9.57 0.05
2458512.2491201 9.71 0.06
2458512.2492937 9.72 0.06
2458512.2494674 9.53 0.05
2458512.2496410 9.60 0.05
2458512.2498146 9.65 0.05
2458512.2499882 9.55 0.05
2458512.2501618 9.64 0.05
2458512.2503354 9.53 0.05
2458512.2505090 9.59 0.05
2458512.2506826 9.59 0.05
2458512.2508562 9.57 0.05
2458512.2510299 9.61 0.05
2458512.2512035 9.61 0.05
2458512.2513771 9.66 0.06
2458512.2515521 9.60 0.05
2458512.2517256 9.60 0.05
2458512.2518990 9.62 0.05
2458512.2520725 9.61 0.05
2458512.2522459 9.54 0.05
2458512.2524193 9.70 0.06
2458512.2525928 9.61 0.05
2458512.2527662 9.73 0.06
2458512.2529397 9.60 0.05
2458512.2531132 9.62 0.06
2458512.2532868 9.65 0.06
2458512.2534604 9.54 0.05
2458512.2536340 9.67 0.06
2458512.2538076 9.62 0.06
2458512.2539813 9.65 0.06
2458512.2541549 9.63 0.06
2458512.2543285 9.64 0.06
2458512.2545021 9.78 0.06
2458512.2546757 9.57 0.05
2458512.2548493 9.64 0.06
2458512.2550229 9.67 0.06
2458512.2551965 9.62 0.06
2458512.2553701 9.64 0.06
2458512.2555438 9.60 0.06
2458512.2557174 9.59 0.06
2458512.2558910 9.63 0.06
2458512.2560646 9.63 0.06
2458512.2562382 9.65 0.06
2458512.2564118 9.63 0.06
2458512.2565854 9.58 0.06
2458512.2567590 9.68 0.06
2458512.2569326 9.60 0.06
2458512.2571062 9.71 0.06
2458512.2572799 9.59 0.05
2458512.2574535 9.61 0.06
2458512.2576271 9.65 0.06
2458512.2578007 9.59 0.06
2458512.2579743 9.55 0.05
2458512.2581479 9.66 0.06
2458512.2583215 9.67 0.06
2458512.2584951 9.62 0.06
2458512.2586687 9.53 0.05
2458512.2588424 9.64 0.06
2458512.2590160 9.65 0.06
2458512.2591896 9.54 0.05
2458512.2593632 9.64 0.06
2458512.2595368 9.58 0.05
2458512.2597104 9.69 0.06
2458512.2598840 9.68 0.06
2458512.2600576 9.57 0.05
2458512.2602312 9.69 0.06
2458512.2604049 9.65 0.06
2458512.2605785 9.66 0.06
2458512.2607521 9.61 0.06
2458512.2609257 9.65 0.06
2458512.2610993 9.72 0.06
2458512.2612729 9.61 0.06
2458512.2614465 9.61 0.06
2458512.2616201 9.58 0.06
2458512.2617938 9.63 0.06
2458512.2619674 9.63 0.06
2458512.2621410 9.64 0.06
2458512.2623146 9.69 0.06
2458512.2624882 9.76 0.07
2458512.2626618 9.69 0.06
2458512.2628354 9.76 0.07
2458512.2630090 9.70 0.06
2458512.2631826 9.60 0.06
2458512.2633563 9.64 0.06
2458512.2635299 9.68 0.06
2458512.2637035 9.67 0.06
2458512.2638784 9.70 0.06
2458512.2640519 9.63 0.06
2458512.2642253 9.69 0.06
2458512.2643988 9.70 0.06
2458512.2645722 9.70 0.06
2458512.2647457 9.70 0.06
2458512.2649191 9.75 0.07
2458512.2650926 9.79 0.07
2458512.2652660 9.67 0.06
2458512.2654396 9.65 0.06
2458512.2656132 9.62 0.06
2458512.2657868 9.65 0.06
2458512.2659604 9.64 0.06
2458512.2661340 9.60 0.06
2458512.2663076 9.60 0.06
2458512.2664812 9.63 0.06
2458512.2666549 9.67 0.06
2458512.2668285 9.82 0.07
2458512.2670021 9.66 0.06
2458512.2671757 9.68 0.06
2458512.2673493 9.58 0.06
2458512.2675229 9.67 0.06
2458512.2676965 9.74 0.06
2458512.2678701 9.56 0.05
2458512.2680437 9.66 0.06
2458512.2682174 9.65 0.06
2458512.2683910 9.68 0.06
2458512.2685646 9.67 0.06
2458512.2687382 9.68 0.06
2458512.2689118 9.76 0.07
2458512.2690854 9.74 0.07
2458512.2692590 9.64 0.06
2458512.2694326 9.75 0.07
2458512.2696063 9.73 0.07
2458512.2697799 9.57 0.06
2458512.2699535 9.65 0.06
2458512.2701271 9.70 0.06
2458512.2703007 9.68 0.06
2458512.2704743 9.73 0.06
2458512.2706479 9.65 0.06
2458512.2708215 9.66 0.06
2458512.2709951 9.73 0.07
2458512.2711688 9.69 0.06
2458512.2713424 9.70 0.07
2458512.2715160 9.68 0.06
2458512.2716896 9.77 0.07
2458512.2718632 9.66 0.06
2458512.2720368 9.77 0.07
2458512.2722104 9.71 0.07
2458512.2723840 9.60 0.06
2458512.2725576 9.55 0.06
2458512.2727312 9.62 0.06
2458512.2729049 9.70 0.07
2458512.2730785 9.67 0.07
2458512.2732521 9.59 0.06
2458512.2734257 9.66 0.07
2458512.2735993 9.75 0.07
2458512.2737729 9.72 0.07
2458512.2739465 9.70 0.07
2458512.2741201 9.56 0.06
2458512.2742937 9.67 0.07
2458512.2744674 9.67 0.07
2458512.2746410 9.56 0.06
2458512.2748146 9.66 0.07
2458512.2749882 9.59 0.06
2458512.2751618 9.64 0.07
2458512.2753354 9.67 0.07
2458512.2755090 9.69 0.07
2458512.2756826 9.68 0.07
2458512.2758562 9.72 0.07
2458512.2760299 9.68 0.07
2458512.2762047 9.66 0.07
2458512.2763782 9.69 0.07
2458512.2765516 9.58 0.06
2458512.2767251 9.65 0.06
2458512.2768985 9.60 0.06
2458512.2770720 9.65 0.06
2458512.2772454 9.75 0.07
2458512.2774189 9.55 0.06
2458512.2775924 9.71 0.07
2458512.2777660 9.69 0.07
2458512.2779396 9.68 0.07
2458512.2781132 9.73 0.07
2458512.2782868 9.64 0.07
2458512.2784604 9.73 0.07
2458512.2786340 9.60 0.06
2458512.2788076 9.80 0.07
2458512.2789813 9.59 0.06
2458512.2791549 9.62 0.06
2458512.2793285 9.77 0.07
2458512.2795021 9.66 0.06
2458512.2796757 9.55 0.06
2458512.2798493 9.61 0.06
2458512.2800229 9.57 0.06
2458512.2801965 9.62 0.06
2458512.2803701 9.64 0.07
2458512.2805437 9.68 0.07
2458512.2807174 9.65 0.07
2458512.2808910 9.61 0.06
2458512.2810646 9.70 0.07
2458512.2812382 9.55 0.06
2458512.2814118 9.70 0.07
2458512.2815854 9.77 0.08
2458512.2817590 9.63 0.07
2458512.2819326 9.64 0.07
2458512.2821062 9.67 0.07
2458512.2822799 9.66 0.07
2458512.2824535 9.58 0.06
2458512.2826271 9.70 0.07
2458512.2828007 9.69 0.07
2458512.2829743 9.63 0.07
2458512.2831479 9.65 0.07
2458512.2833215 9.61 0.07
2458512.2834951 9.71 0.08
2458512.2836687 9.63 0.07
2458512.2838424 9.63 0.07
2458512.2840160 9.72 0.08
2458512.2841896 9.72 0.08
2458512.2843632 9.71 0.08
2458512.2845368 9.67 0.08
2458512.2847104 9.56 0.07
2458512.2848840 9.78 0.09
2458512.2850576 9.71 0.08
2458512.2852313 9.65 0.08
2458512.2854049 9.71 0.09
2458512.2855785 9.61 0.08
2458512.2857521 9.68 0.09
2458512.2859257 9.66 0.08
2458512.2860993 9.76 0.09
2458512.2862729 9.69 0.09
2458512.2864498 9.66 0.08
2458512.2866201 9.78 0.09
2458512.2867938 9.65 0.08
2458512.2869674 9.66 0.08
2458512.2871410 9.70 0.08
2458512.2873146 9.59 0.08
2458512.2874882 9.73 0.09
2458512.2876618 9.63 0.08
2458512.2878354 9.56 0.07
2458512.2880090 9.56 0.07
2458512.2881826 9.67 0.09
2458512.2883576 9.52 0.09
2458512.2887045 9.67 0.14
2458512.2888779 9.73 0.12
2458512.2890514 9.59 0.11
2458512.2892248 9.83 0.13
2458515.1753423 9.64 0.06
2458515.1755159 9.67 0.06
2458515.1756895 9.69 0.06
2458515.1758631 9.72 0.06
2458515.1760367 9.60 0.05
2458515.1762104 9.63 0.06
2458515.1763840 9.63 0.05
2458515.1765576 9.63 0.06
2458515.1767312 9.60 0.05
2458515.1769048 9.70 0.06
2458515.1770784 9.68 0.06
2458515.1772520 9.66 0.06
2458515.1774256 9.64 0.05
2458515.1775993 9.72 0.06
2458515.1777729 9.58 0.05
2458515.1779465 9.63 0.05
2458515.1781201 9.65 0.06
2458515.1782937 9.67 0.06
2458515.1784673 9.65 0.06
2458515.1786409 9.65 0.06
2458515.1788145 9.71 0.06
2458515.1789881 9.66 0.06
2458515.1791618 9.66 0.06
2458515.1793354 9.61 0.05
2458515.1795090 9.69 0.06
2458515.1796826 9.65 0.06
2458515.1798562 9.70 0.06
2458515.1800298 9.64 0.05
2458515.1802034 9.71 0.06
2458515.1803770 9.61 0.05
2458515.1805506 9.61 0.05
2458515.1807242 9.65 0.06
2458515.1808979 9.70 0.06
2458515.1810715 9.68 0.06
2458515.1812451 9.65 0.06
2458515.1814187 9.61 0.05
2458515.1815923 9.66 0.06
2458515.1817659 9.65 0.06
2458515.1819395 9.62 0.05
2458515.1821131 9.66 0.06
2458515.1822867 9.64 0.06
2458515.1824604 9.62 0.05
2458515.1826353 9.61 0.05
2458515.1828088 9.64 0.05
2458515.1829822 9.60 0.05
2458515.1831557 9.76 0.06
2458515.1833291 9.62 0.05
2458515.1835026 9.60 0.05
2458515.1836760 9.62 0.05
2458515.1838495 9.61 0.05
2458515.1840229 9.59 0.05
2458515.1841965 9.66 0.06
2458515.1843701 9.68 0.06
2458515.1845437 9.56 0.05
2458515.1847173 9.60 0.05
2458515.1848909 9.64 0.05
2458515.1850645 9.62 0.05
2458515.1852381 9.58 0.05
2458515.1854118 9.65 0.05
2458515.1855854 9.65 0.05
2458515.1857590 9.61 0.05
2458515.1859326 9.61 0.05
2458515.1861062 9.71 0.06
2458515.1862798 9.66 0.06
2458515.1864534 9.66 0.06
2458515.1866270 9.58 0.05
2458515.1868006 9.59 0.05
2458515.1869743 9.62 0.05
2458515.1871479 9.58 0.05
2458515.1873215 9.61 0.05
2458515.1874951 9.70 0.06
2458515.1876687 9.65 0.05
2458515.1878423 9.64 0.05
2458515.1880159 9.66 0.06
2458515.1881895 9.68 0.06
2458515.1883631 9.58 0.05
2458515.1885367 9.72 0.06
2458515.1887104 9.56 0.05
2458515.1888840 9.66 0.06
2458515.1890576 9.62 0.05
2458515.1892312 9.65 0.06
2458515.1894048 9.62 0.05
2458515.1895784 9.55 0.05
2458515.1897520 9.52 0.05
2458515.1899256 9.69 0.06
2458515.1900992 9.60 0.05
2458515.1902729 9.69 0.06
2458515.1904465 9.67 0.06
2458515.1906201 9.64 0.05
2458515.1907937 9.63 0.05
2458515.1909673 9.64 0.05
2458515.1911409 9.56 0.05
2458515.1913145 9.67 0.06
2458515.1914881 9.67 0.06
2458515.1916617 9.59 0.05
2458515.1918354 9.65 0.06
2458515.1920090 9.70 0.06
2458515.1921826 9.75 0.06
2458515.1923562 9.62 0.05
2458515.1925298 9.56 0.05
2458515.1927034 9.69 0.06
2458515.1928770 9.68 0.06
2458515.1930506 9.67 0.06
2458515.1932243 9.60 0.05
2458515.1933979 9.61 0.05
2458515.1935715 9.64 0.05
2458515.1937451 9.74 0.06
2458515.1939187 9.67 0.06
2458515.1940923 9.57 0.05
2458515.1942659 9.56 0.05
2458515.1944395 9.63 0.05
2458515.1946131 9.70 0.06
2458515.1947868 9.70 0.06
2458515.1949617 9.67 0.06
2458515.1951352 9.66 0.06
2458515.1953086 9.72 0.06
2458515.1954820 9.69 0.06
2458515.1956555 9.63 0.05
2458515.1958290 9.66 0.06
2458515.1960024 9.66 0.06
2458515.1961758 9.66 0.06
2458515.1963493 9.61 0.05
2458515.1965229 9.67 0.06
2458515.1966965 9.71 0.06
2458515.1968701 9.65 0.06
2458515.1970437 9.66 0.06
2458515.1972173 9.66 0.06
2458515.1973909 9.71 0.06
2458515.1975645 9.60 0.05
2458515.1977381 9.65 0.06
2458515.1979117 9.56 0.05
2458515.1980854 9.65 0.06
2458515.1982590 9.63 0.05
2458515.1984326 9.67 0.06
2458515.1986062 9.65 0.06
2458515.1987798 9.61 0.05
2458515.1989534 9.64 0.05
2458515.1991270 9.61 0.05
2458515.1993006 9.68 0.06
2458515.1994742 9.64 0.05
2458515.1996479 9.67 0.06
2458515.1998215 9.66 0.06
2458515.1999951 9.62 0.05
2458515.2001687 9.64 0.05
2458515.2003423 9.59 0.05
2458515.2005159 9.61 0.05
2458515.2006895 9.64 0.05
2458515.2008631 9.70 0.06
2458515.2010368 9.69 0.06
2458515.2012104 9.72 0.06
2458515.2013840 9.66 0.06
2458515.2015576 9.63 0.05
2458515.2017312 9.75 0.06
2458515.2019048 9.57 0.05
2458515.2020784 9.64 0.05
2458515.2022520 9.69 0.06
2458515.2024256 9.63 0.05
2458515.2025993 9.62 0.05
2458515.2027729 9.62 0.05
2458515.2029465 9.67 0.06
2458515.2031201 9.72 0.06
2458515.2032937 9.63 0.06
2458515.2034673 9.67 0.06
2458515.2036409 9.67 0.06
2458515.2038145 9.63 0.06
2458515.2039881 9.66 0.06
2458515.2041617 9.61 0.05
2458515.2043354 9.66 0.06
2458515.2045090 9.60 0.05
2458515.2046826 9.64 0.05
2458515.2048562 9.67 0.06
2458515.2050298 9.65 0.05
2458515.2052034 9.68 0.06
2458515.2053770 9.73 0.06
2458515.2055506 9.70 0.06
2458515.2057242 9.61 0.05
2458515.2058979 9.65 0.06
2458515.2060715 9.68 0.06
2458515.2062451 9.66 0.06
2458515.2064187 9.66 0.06
2458515.2065923 9.73 0.06
2458515.2067659 9.60 0.05
2458515.2069395 9.52 0.05
2458515.2071131 9.77 0.06
2458515.2072881 9.71 0.06
2458515.2074616 9.58 0.05
2458515.2076350 9.55 0.05
2458515.2078085 9.61 0.05
2458515.2079819 9.74 0.06
2458515.2081554 9.60 0.05
2458515.2083288 9.71 0.06
2458515.2085022 9.59 0.05
2458515.2086757 9.71 0.06
2458515.2088493 9.59 0.05
2458515.2090229 9.71 0.06
2458515.2091965 9.74 0.06
2458515.2093701 9.60 0.05
2458515.2095437 9.73 0.06
2458515.2097173 9.72 0.06
2458515.2098909 9.57 0.05
2458515.2100645 9.61 0.05
2458515.2102381 9.61 0.05
2458515.2104118 9.68 0.06
2458515.2105854 9.71 0.06
2458515.2107590 9.71 0.06
2458515.2109326 9.58 0.05
2458515.2111062 9.64 0.06
2458515.2112798 9.73 0.06
2458515.2114534 9.68 0.06
2458515.2116270 9.66 0.06
2458515.2118006 9.59 0.05
2458515.2119742 9.65 0.06
2458515.2121479 9.65 0.05
2458515.2123215 9.67 0.06
2458515.2124951 9.70 0.06
2458515.2126687 9.61 0.05
2458515.2128423 9.64 0.06
2458515.2130159 9.67 0.06
2458515.2131895 9.62 0.05
2458515.2133631 9.57 0.05
2458515.2135367 9.73 0.06
2458515.2137104 9.61 0.05
2458515.2138840 9.69 0.06
2458515.2140576 9.60 0.05
2458515.2142312 9.74 0.06
2458515.2144048 9.70 0.06
2458515.2145784 9.65 0.06
2458515.2147520 9.67 0.06
2458515.2149256 9.64 0.06
2458515.2150992 9.71 0.06
2458515.2152729 9.69 0.06
2458515.2154465 9.73 0.06
2458515.2156201 9.65 0.06
2458515.2157937 9.66 0.06
2458515.2159673 9.71 0.06
2458515.2161409 9.62 0.05
2458515.2163145 9.62 0.05
2458515.2164881 9.65 0.06
2458515.2166618 9.59 0.05
2458515.2168354 9.73 0.06
2458515.2170090 9.63 0.05
2458515.2171826 9.60 0.05
2458515.2173562 9.61 0.05
2458515.2175298 9.63 0.05
2458515.2177034 9.71 0.06
2458515.2178770 9.65 0.06
2458515.2180506 9.70 0.06
2458515.2182243 9.60 0.05
2458515.2183979 9.68 0.06
2458515.2185715 9.59 0.05
2458515.2187451 9.65 0.05
2458515.2189187 9.64 0.05
2458515.2190923 9.64 0.05
2458515.2192659 9.69 0.06
2458515.2194395 9.74 0.06
2458515.2196145 9.62 0.05
2458515.2197879 9.57 0.05
2458515.2199614 9.61 0.05
2458515.2201348 9.66 0.06
2458515.2203083 9.73 0.06
2458515.2204817 9.53 0.05
2458515.2206552 9.71 0.06
2458515.2208286 9.56 0.05
2458515.2210021 9.65 0.06
2458515.2211756 9.63 0.05
2458515.2213492 9.65 0.06
2458515.2215229 9.68 0.06
2458515.2216965 9.62 0.05
2458515.2218701 9.62 0.05
2458515.2220437 9.59 0.05
2458515.2222173 9.65 0.05
2458515.2223909 9.67 0.06
2458515.2225645 9.68 0.06
2458515.2227381 9.75 0.06
2458515.2229117 9.65 0.05
2458515.2230854 9.67 0.06
2458515.2232590 9.59 0.05
2458515.2234326 9.74 0.06
2458515.2236062 9.61 0.05
2458515.2237798 9.60 0.05
2458515.2239534 9.67 0.06
2458515.2241270 9.69 0.06
2458515.2243006 9.68 0.06
2458515.2244743 9.62 0.05
2458515.2246479 9.65 0.06
2458515.2248215 9.62 0.05
2458515.2249951 9.60 0.05
2458515.2251687 9.60 0.05
2458515.2253423 9.65 0.06
2458515.2255159 9.60 0.05
2458515.2256895 9.70 0.06
2458515.2258631 9.60 0.05
2458515.2260368 9.64 0.05
2458515.2262104 9.76 0.06
2458515.2263840 9.60 0.05
2458515.2265576 9.63 0.05
2458515.2267312 9.67 0.06
2458515.2269048 9.59 0.05
2458515.2270784 9.67 0.06
2458515.2272520 9.71 0.06
2458515.2274256 9.75 0.06
2458515.2275992 9.69 0.06
2458515.2277729 9.66 0.06
2458515.2279465 9.70 0.06
2458515.2281201 9.58 0.05
2458515.2282937 9.69 0.06
2458515.2284673 9.77 0.06
2458515.2286409 9.60 0.05
2458515.2288145 9.73 0.06
2458515.2289881 9.71 0.06
2458515.2291617 9.68 0.06
2458515.2293354 9.64 0.06
2458515.2295090 9.62 0.05
2458515.2296826 9.63 0.05
2458515.2298562 9.62 0.05
2458515.2300298 9.67 0.06
2458515.2302034 9.61 0.05
2458515.2303770 9.71 0.06
2458515.2305506 9.73 0.06
2458515.2307242 9.72 0.06
2458515.2308979 9.62 0.05
2458515.2310715 9.62 0.05
2458515.2312451 9.57 0.05
2458515.2314187 9.68 0.06
2458515.2315923 9.69 0.06
2458515.2317659 9.65 0.06
2458515.2319409 9.68 0.06
2458515.2321143 9.67 0.06
2458515.2322878 9.66 0.06
2458515.2324612 9.61 0.05
2458515.2326347 9.60 0.05
2458515.2328081 9.71 0.06
2458515.2329816 9.64 0.06
2458515.2331550 9.64 0.06
2458515.2333285 9.69 0.06
2458515.2335020 9.62 0.05
2458515.2336756 9.77 0.06
2458515.2338493 9.61 0.05
2458515.2340229 9.71 0.06
2458515.2341965 9.68 0.06
2458515.2343701 9.69 0.06
2458515.2345437 9.64 0.06
2458515.2347173 9.70 0.06
2458515.2348909 9.63 0.06
2458515.2350645 9.73 0.06
2458515.2352381 9.66 0.06
2458515.2354117 9.63 0.06
2458515.2355854 9.72 0.06
2458515.2357590 9.58 0.05
2458515.2359326 9.66 0.06
2458515.2361062 9.70 0.06
2458515.2362798 9.75 0.06
2458515.2364534 9.63 0.06
2458515.2366270 9.70 0.06
2458515.2368006 9.66 0.06
2458515.2369742 9.78 0.06
2458515.2371479 9.59 0.05
2458515.2373215 9.67 0.06
2458515.2374951 9.59 0.05
2458515.2376687 9.55 0.05
2458515.2378423 9.65 0.06
2458540.0743354 9.50 0.09
2458540.0750292 9.59 0.10
2458540.0752026 9.82 0.12
2458540.0753761 9.70 0.11
2458540.0755495 9.68 0.11
2458540.0758966 9.81 0.12
2458540.0760702 9.59 0.10
2458540.0762439 9.62 0.10
2458540.0767647 9.76 0.12
2458540.0769383 9.69 0.11
2458540.0771119 9.81 0.12
2458540.0772855 9.47 0.09
2458540.0774591 9.76 0.12
2458540.0778064 9.53 0.10
2458540.0779800 9.61 0.10
2458540.0781536 9.57 0.10
2458540.0783272 9.77 0.12
2458540.0785008 9.74 0.11
2458540.0788480 9.63 0.10
2458540.0793689 9.55 0.10
2458540.0795425 9.53 0.09
2458540.0797161 9.73 0.11
2458540.0798897 9.62 0.10
2458540.0800633 9.65 0.11
2458540.0802369 9.62 0.10
2458540.0809313 9.64 0.11
2458540.0811050 9.68 0.11
2458540.0812786 9.73 0.11
2458540.0816258 9.47 0.09
2458540.0817994 9.76 0.12
2458540.0819730 9.40 0.08
2458540.0821466 9.51 0.09
2458540.0823202 9.72 0.11
2458540.0826675 9.60 0.10
2458540.0833619 9.59 0.10
2458540.0837091 9.56 0.10
2458540.0842300 9.69 0.11
2458540.0844036 9.66 0.11
2458540.0845772 9.79 0.12
2458540.0847508 9.61 0.10
2458540.0850980 9.64 0.11
2458540.0852716 9.65 0.11
2458540.0854452 9.61 0.10
2458540.0856189 9.64 0.11
2458540.0857925 9.64 0.11
2458540.0859661 9.67 0.11
2458540.0861397 9.71 0.11
2458540.0864883 9.46 0.09
2458540.0866618 9.59 0.10
2458540.0868352 9.71 0.11
2458540.0871821 9.89 0.13
2458540.0873556 9.61 0.10
2458540.0877025 9.24 0.07
2458540.0880494 9.21 0.07
2458540.0883966 9.13 0.07
2458540.0885702 9.13 0.06
2458540.0889175 9.09 0.06
2458540.0890911 9.09 0.06
2458540.0894383 9.29 0.08
2458540.0896119 9.21 0.07
2458540.0897855 9.22 0.07
2458540.0899591 9.23 0.07
2458540.0901327 9.35 0.08
2458540.0911744 9.30 0.06
2458540.0913480 9.32 0.06
2458540.0915216 9.37 0.06
2458540.0918689 9.33 0.06
2458540.0923897 9.31 0.06
2458540.0925633 9.41 0.07
2458540.0929105 9.41 0.07
2458540.0930841 9.40 0.07
2458540.0932577 9.34 0.06
2458540.0934314 9.37 0.06
2458540.0936050 9.41 0.07
2458540.0937786 9.41 0.06
2458540.0941258 9.47 0.07
2458540.0942994 9.43 0.07
2458540.0944730 9.49 0.07
2458540.0951675 9.42 0.07
2458540.0955147 9.46 0.07
2458540.0956883 9.45 0.07
2458540.0958619 9.40 0.06
2458540.0960355 9.46 0.07
2458540.0962091 9.40 0.06
2458540.0965563 9.55 0.07
2458540.0967300 9.45 0.07
2458540.0969036 9.44 0.07
2458540.0972508 9.54 0.07
2458540.0975980 9.44 0.07
2458540.0977716 9.49 0.07
2458540.0979452 9.45 0.07
2458540.0981188 9.55 0.07
2458540.0982925 9.51 0.07
2458540.0984661 9.43 0.07
2458540.0988133 9.50 0.07
2458540.0989882 9.45 0.07
2458540.0991617 9.41 0.06
2458540.0995085 9.44 0.07
2458540.0996820 9.51 0.07
2458540.0998554 9.49 0.07
2458540.1000289 9.43 0.07
2458540.1002023 9.36 0.06
2458540.1003758 9.47 0.07
2458540.1007230 9.42 0.07
2458540.1008966 9.38 0.06
2458540.1012439 9.39 0.06
2458540.1014175 9.41 0.06
2458540.1015911 9.38 0.06
2458540.1017647 9.38 0.06
2458540.1019383 9.39 0.06
2458540.1021119 9.34 0.06
2458540.1024591 9.50 0.07
2458540.1026327 9.38 0.06
2458540.1028064 9.40 0.06
2458540.1029800 9.38 0.06
2458540.1033272 9.49 0.07
2458540.1035008 9.44 0.07
2458540.1036744 9.49 0.07
2458540.1038480 9.47 0.07
2458540.1040216 9.45 0.07
2458540.1043688 9.36 0.06
2458540.1045425 9.42 0.07
2458540.1048897 9.44 0.07
2458540.1050633 9.37 0.06
2458540.1052369 9.51 0.07
2458540.1055841 9.44 0.07
2458540.1059313 9.56 0.07
2458540.1061050 9.43 0.06
2458540.1062786 9.42 0.06
2458540.1064522 9.48 0.07
2458540.1066258 9.47 0.07
2458540.1067994 9.59 0.07
2458540.1069730 9.46 0.07
2458540.1071466 9.38 0.06
2458540.1073202 9.54 0.07
2458540.1074939 9.48 0.07
2458540.1076675 9.42 0.06
2458540.1078411 9.51 0.07
2458540.1080147 9.47 0.07
2458540.1081883 9.34 0.06
2458540.1083619 9.54 0.07
2458540.1085355 9.58 0.07
2458540.1087091 9.51 0.07
2458540.1088827 9.58 0.08
2458540.1090564 9.43 0.07
2458540.1092300 9.38 0.06
2458540.1095772 9.59 0.08
2458540.1099244 9.55 0.07
2458540.1100980 9.47 0.07
2458540.1102716 9.42 0.07
2458540.1104452 9.33 0.06
2458540.1106189 9.45 0.07
2458540.1107925 9.58 0.07
2458540.1109661 9.47 0.07
2458540.1111397 9.39 0.06
2458540.1113146 9.52 0.07
2458540.1114880 9.51 0.07
2458540.1116615 9.53 0.07
2458540.1120084 9.51 0.07
2458540.1121818 9.45 0.07
2458540.1123553 9.51 0.07
2458540.1127022 9.38 0.06
2458540.1128758 9.52 0.07
2458540.1130494 9.47 0.07
2458540.1132230 9.62 0.08
2458540.1133966 9.58 0.08
2458540.1135702 9.57 0.07
2458540.1139175 9.60 0.08
2458540.1142647 9.58 0.08
2458540.1147855 9.45 0.07
2458540.1149591 9.54 0.07
2458540.1151327 9.56 0.07
2458540.1153064 9.45 0.07
2458540.1154800 9.43 0.07
2458540.1156536 9.43 0.07
2458540.1158272 9.61 0.08
2458540.1160008 9.70 0.08
2458540.1161744 9.56 0.07
2458540.1163480 9.56 0.07
2458540.1165216 9.52 0.07
2458540.1166952 9.64 0.08
2458540.1168689 9.53 0.07
2458540.1170425 9.50 0.07
2458540.1172161 9.58 0.08
2458540.1173897 9.61 0.08
2458540.1175633 9.52 0.07
2458540.1177369 9.50 0.07
2458540.1179105 9.61 0.08
2458540.1182577 9.55 0.07
2458540.1187786 9.60 0.08
2458540.1189522 9.58 0.08
2458540.1192994 9.54 0.07
2458540.1196466 9.46 0.07
2458540.1198202 9.56 0.08
2458540.1201675 9.65 0.08
2458540.1203411 9.51 0.07
2458540.1205147 9.57 0.08
2458540.1206883 9.55 0.07
2458540.1208619 9.58 0.08
2458540.1210355 9.60 0.08
2458540.1212091 9.72 0.09
2458540.1213827 9.58 0.08
2458540.1217300 9.53 0.07
2458540.1219036 9.66 0.08
2458540.1220772 9.64 0.08
2458540.1222508 9.56 0.08
2458540.1227716 9.58 0.08
2458540.1229452 9.55 0.08
2458540.1231189 9.68 0.08
2458540.1232925 9.63 0.08
2458540.1236410 9.60 0.08
2458540.1238144 9.61 0.08
2458540.1239879 9.59 0.08
2458540.1241613 9.63 0.08
2458540.1245082 9.49 0.07
2458540.1246816 9.53 0.07
2458540.1248551 9.67 0.08
2458540.1250286 9.65 0.08
2458540.1252022 9.65 0.08
2458540.1253758 9.62 0.08
2458540.1255494 9.60 0.08
2458540.1257230 9.63 0.08
2458540.1260702 9.58 0.08
2458540.1262439 9.53 0.07
2458540.1264175 9.68 0.08
2458540.1265911 9.63 0.08
2458540.1267647 9.59 0.08
2458540.1271119 9.55 0.08
2458540.1272855 9.58 0.08
2458540.1274591 9.49 0.07
2458540.1276327 9.56 0.08
2458540.1278063 9.55 0.08
2458540.1281536 9.52 0.07
2458540.1283272 9.57 0.08
2458540.1285008 9.49 0.07
2458540.1286744 9.53 0.07
2458540.1291952 9.66 0.09
2458540.1297161 9.62 0.08
2458540.1298897 9.52 0.07
2458540.1300633 9.61 0.08
2458540.1302369 9.59 0.08
2458540.1304105 9.59 0.08
2458540.1305841 9.47 0.07
2458540.1307577 9.53 0.07
2458540.1309314 9.77 0.09
2458540.1311050 9.59 0.08
2458540.1312786 9.62 0.08
2458540.1314522 9.69 0.09
2458540.1316258 9.61 0.08
2458540.1317994 9.58 0.08
2458544.1622678 9.64 0.13